308,27
307,28
307,29
307,30
307,31
307,32
307,33
307,34
307,35
307,36
307,37
307,38
307,39
307,40
307,41
307,42
307,43
307,44
307,45
307,46
307,47
307,48
307,49
307,50
307,51
307,52
307,53
307,54
307,55
307,56
307,57
307,58
307,59
307,60
307,61

349,27
348,27
347,27
346,28
345,28
344,28
343,28
342,28
341,28
340,28
339,28

365,32
365,33

365,46
365,47
365,48
365,49
365,50
365,51
365,52
365,53
365,54
365,55
365,56
365,57
365,58
365,59
365,60
365,61
365,62
365,63
365,64

365,67
365,68
365,69
365,70
365,71
365,72
365,73
365,74
365,75
365,76
365,77
365,78
365,79
365,80
365,81
365,82
365,83
365,84
365,85
365,86
365,87
365,88
365,89
365,90
365,91
365,92
365,93
365,94
365,95
365,96
365,97
365,98

307,71
307,72
307,73

307,78
307,79
307,80
307,81
307,82
307,83
307,84
307,85
307,86
307,87
307,88
307,89
307,90
307,91
307,92
307,93
307,94
307,95
307,96
307,97
307,98
307,99
307,100
307,101
307,102

365,109
365,110
365,111
364,112
363,112
362,112
361,112
360,112
359,112
358,112
357,112
356,113
355,113
354,113
353,113
352,113
351,113
350,113
349,113
348,113
347,113
346,113
345,113
344,112
343,112
342,112
341,112
340,112
339,112
338,112
337,112
336,112
335,112
334,112
333,112
332,112
331,113
330,113
329,113
328,113
327,113
326,113
325,113

273,277
273,278

276,310
277,311
