360,144
361,144
362,144
363,144
364,144
365,144
366,144
367,144
368,144
369,144
370,145
371,145
372,145
373,145
374,145
375,145
376,145
377,145
378,145

382,146
382,147
382,148
382,149
382,150
382,151
382,152
382,153
382,154
382,155
382,156
382,157
382,158
382,159
382,160
382,161
382,162
382,163

275,148
275,149
274,150
275,150
273,151
272,152
271,153
270,154
269,155

265,158
264,159

248,172
247,173
246,174
245,174
244,175
245,175
243,176
242,177
241,178
240,179
239,180
238,181

428,177
428,178
428,179
428,180
428,181
428,182
428,183
428,184
428,185
428,186
428,187
428,188
428,189
428,190

235,182
234,183

230,186
229,187

457,201
456,201
455,201
454,201
453,202
452,202
451,202
450,203
449,203
448,203

431,203
432,203
433,203
434,203

50,247
49,247
48,247
47,247
46,247
45,247
44,247
43,247
42,247
41,247
41,248
40,249

25,252
26,253
25,254
25,255
25,256
25,257
25,258
25,259
25,260
25,261

55,260
55,261
55,262
55,263
55,264
55,265
55,266
55,267
55,268
55,269
55,270
55,271
55,272
55,273
55,274
55,275
55,276
55,277
55,278
55,279
55,280
55,281
55,282
55,283
55,284
55,285

109,273
109,274
109,275
109,276
109,277
109,278
109,279
109,280
110,281
110,282
110,283
110,284

110,286
110,287
110,288
110,289
110,290
110,291
110,292
109,293
109,294
109,295
110,296
110,297
110,298

64,304
64,305
64,306
64,307
64,308
64,309
64,310
64,311
64,312
64,313
64,314
64,315
64,316
64,317
64,318
64,319

197,307
197,308
197,309
197,310
197,311
196,312
196,313
196,314
196,315
197,316

118,312
119,312
120,312
121,312
122,312
123,312
124,312

113,314
114,314
115,314

64,327
64,328

110,328
110,329
110,330
110,331
110,332
110,333
110,334
110,335
110,336

67,330
68,330
69,330
70,330
71,330
72,330
73,331
74,331
75,331
76,331
77,331
78,332
78,333
78,334
78,335
78,336
78,337
78,338
78,339
78,340
78,341
78,342
78,343
78,344
78,345
78,346
78,347
78,348
78,349
78,350
78,351
78,352
78,353
78,354
78,355
78,356
78,357
78,358
78,359
78,360
78,361
78,362
78,363
78,364
78,365
78,366
78,367
78,368
78,369
78,370
78,371
78,372
78,373
78,374
79,375

328,348
328,349
328,350
328,351
328,352
328,353
328,354
328,355

333,366
334,366
335,366
336,366
337,366
338,366
339,366
340,366
341,366
342,366
343,366
344,366
345,366
346,366
347,366
348,366
349,366
350,366
351,366
352,366

358,366
359,366
360,366

378,366
379,366
380,366

196,372
196,373
196,374
196,375

257,386
257,387

198,391
198,392
198,393
198,394
198,395
197,396
197,397
